Conforming Fixed 15 (CF15)
	15	30	45	60	75	90	
2.750	0.869	0.931	0.998	1.061		1.436	
2.875	0.317	0.380	0.446	0.509		0.884	
2.990	-0.154	-0.092	-0.025	0.037		0.412	
3.000	-0.247	-0.193	-0.138	-0.080		0.295	
3.125	-0.744	-0.689	-0.634	-0.576		-0.201	
3.250	-1.345	-1.283	-1.216	-1.153		-0.778	
3.375	-1.795	-1.733	-1.666	-1.608		-1.233	
3.500	-2.289	-2.226	-2.164	-2.097		-1.722	
3.625	-2.758	-2.696	-2.633	-2.567		-2.192	
3.750	-3.280	-3.218	-3.155	-3.089		-2.714	
3.875	-3.691	-3.629	-3.566	-3.499		-3.124	
3.990	-4.018	-3.955	-3.893	-3.826		-3.451	
4.000	-3.861	-3.799	-3.736	-3.670		-3.295	
4.125	-4.165	-4.079	-3.993	-3.901		-3.526	
4.250	-4.632	-4.546	-4.460	-4.369		-3.994	
4.375	-5.003	-4.917	-4.831	-4.739		-4.364	
4.500	-5.302	-5.216	-5.130	-5.038		-4.663	
Conforming Fixed 30 (CF30)
	15	30	45	60	75	90	
3.250	2.969	3.047	3.130	3.209		3.584	
3.375	2.043	2.121	2.205	2.283		2.658	
3.450	1.552	1.630	1.713	1.791		2.166	
3.500	1.151	1.229	1.312	1.390		1.765	
3.550	0.841	0.912	0.987	1.057		1.432	
3.625	0.313	0.384	0.459	0.529		0.904	
3.700	-0.153	-0.083	-0.008	0.062		0.437	
3.750	-0.423	-0.352	-0.277	-0.207		0.168	
3.800	-0.695	-0.624	-0.549	-0.479		-0.104	
3.875	-1.062	-0.992	-0.917	-0.846		-0.471	
3.950	-1.441	-1.371	-1.296	-1.226		-0.851	
3.990	-1.608	-1.538	-1.463	-1.392		-1.017	
4.000	-1.732	-1.638	-1.538	-1.445		-1.070	
4.050	-1.984	-1.890	-1.790	-1.696		-1.321	
4.125	-2.379	-2.286	-2.186	-2.092		-1.717	
4.200	-2.731	-2.638	-2.538	-2.444		-2.069	
4.250	-2.955	-2.862	-2.762	-2.668		-2.293	
4.300	-3.181	-3.088	-2.988	-2.894		-2.519	
4.375	-3.524	-3.430	-3.330	-3.237		-2.862	
4.450	-3.846	-3.753	-3.653	-3.559		-3.184	
4.500	-4.029	-3.935	-3.835	-3.741		-3.366	
4.550	-4.249	-4.155	-4.055	-3.962		-3.587	
4.625	-4.591	-4.497	-4.397	-4.303		-3.928	
4.700	-4.906	-4.812	-4.712	-4.619		-4.244	
4.750	-5.107	-5.013	-4.913	-4.819		-4.444	
4.800	-5.308	-5.215	-5.115	-5.021		-4.646	
4.875	-5.610	-5.517	-5.417	-5.323		-4.948	
4.950	-5.900	-5.806	-5.706	-5.613		-5.238	
4.990	-6.010	-5.917	-5.817	-5.723		-5.348	
5.000	-5.987	-5.893	-5.793	-5.724		-5.349	
5.050	-6.105	-6.058	-6.008	-5.961		-5.586	
5.125	-6.446	-6.400	-6.350	-6.303		-5.928	
5.200	-6.801	-6.754	-6.704	-6.657		-6.282	
5.250	-6.966	-6.919	-6.869	-6.822		-6.447	
5.300	-7.135	-7.088	-7.038	-6.991		-6.616	
5.375	-7.353	-7.306	-7.256	-7.229		-6.854	
5.500	-7.752	-7.733	-7.733	-7.733		-7.358	
Conforming Fixed 10 (CF10)
	15	30	45	60	75	90	
2.750	0.204	0.266	0.333	0.395		0.770	
2.875	-0.159	-0.096	-0.029	0.033		0.408	
2.990	-0.470	-0.407	-0.340	-0.278		0.097	
3.000	-0.512	-0.457	-0.402	-0.344		0.031	
3.125	-0.911	-0.856	-0.802	-0.743		-0.368	
3.250	-1.713	-1.650	-1.584	-1.521		-1.146	
3.375	-2.015	-1.952	-1.886	-1.823		-1.448	
3.500	-2.343	-2.281	-2.218	-2.152		-1.777	
3.625	-2.731	-2.669	-2.606	-2.540		-2.165	
3.750	-3.153	-3.090	-3.028	-2.963		-2.588	
3.875	-3.516	-3.454	-3.391	-3.325		-2.950	
3.990	-3.830	-3.767	-3.705	-3.638		-3.263	
4.000	-3.808	-3.722	-3.636	-3.544		-3.169	
4.125	-4.177	-4.091	-4.005	-3.913		-3.538	
4.250	-4.558	-4.472	-4.386	-4.294		-3.919	
4.375	-4.894	-4.808	-4.722	-4.630		-4.255	
4.500	-5.195	-5.109	-5.023	-4.932		-4.557	
Conforming Fixed 20 (CF20)
	15	30	45	60	75	90	
3.250	0.941	1.020	1.103	1.181		1.556	
3.375	0.220	0.298	0.381	0.460		0.835	
3.500	-0.546	-0.468	-0.385	-0.306		0.069	
3.625	-1.190	-1.120	-1.045	-0.975		-0.600	
3.750	-1.824	-1.754	-1.679	-1.609		-1.234	
3.875	-2.388	-2.318	-2.243	-2.173		-1.798	
3.990	-2.800	-2.729	-2.654	-2.584		-2.209	
4.000	-2.848	-2.778	-2.703	-2.632		-2.257	
4.125	-3.098	-3.005	-2.905	-2.811		-2.436	
4.250	-3.689	-3.603	-3.519	-3.441		-3.066	
4.375	-4.246	-4.168	-4.085	-4.007		-3.632	
4.500	-4.782	-4.704	-4.621	-4.542		-4.167	
4.625	-5.377	-5.284	-5.184	-5.090		-4.715	
4.750	-5.916	-5.822	-5.722	-5.628		-5.253	
4.875	-6.406	-6.312	-6.212	-6.118		-5.743	
4.990	-6.740	-6.646	-6.546	-6.453		-6.078	
5.000	-6.720	-6.626	-6.526	-6.432		-6.057	
5.125	-6.620	-6.565	-6.507	-6.452		-6.077	
5.250	-7.054	-7.007	-6.957	-6.911		-6.536	
Conforming 10/1 LIBOR ARM (CL10)
	15	30	45	60	75	90	
2.875	2.548	2.704	2.861	3.017		3.392	
3.000	2.082	2.238	2.395	2.551		2.926	
3.125	1.616	1.773	1.929	2.085		2.460	
3.250	1.193	1.349	1.505	1.662		2.037	
3.375	0.775	0.932	1.088	1.244		1.619	
3.500	0.339	0.496	0.652	0.808		1.183	
3.625	-0.089	0.068	0.224	0.380		0.755	
3.750	-0.521	-0.364	-0.208	-0.052		0.323	
3.875	-0.955	-0.799	-0.643	-0.487		-0.112	
3.990	-1.338	-1.182	-1.026	-0.869		-0.494	
4.125	-1.702	-1.546	-1.390	-1.234		-0.859	
4.250	-2.076	-1.920	-1.764	-1.607		-1.232	
4.375	-2.456	-2.300	-2.144	-1.988		-1.613	
4.500	-2.840	-2.684	-2.528	-2.372		-1.997	
4.625	-3.227	-3.070	-2.914	-2.758		-2.383	
4.750	-3.451	-3.294	-3.138	-2.982		-2.607	
Conforming 7/1 LIBOR ARM (CL7)
	15	30	45	60	75	90	
2.750	1.386	1.542	1.698	1.855		2.230	
2.875	0.973	1.129	1.285	1.441		1.816	
2.990	0.559	0.715	0.871	1.028		1.403	
3.125	0.148	0.305	0.461	0.617		0.992	
3.250	-0.245	-0.089	0.067	0.223		0.598	
3.375	-0.640	-0.483	-0.327	-0.171		0.204	
3.500	-1.054	-0.898	-0.742	-0.585		-0.210	
3.625	-1.469	-1.313	-1.156	-1.000		-0.625	
3.750	-1.752	-1.596	-1.440	-1.284		-0.909	
3.875	-2.036	-1.880	-1.723	-1.567		-1.192	
3.990	-2.349	-2.193	-2.037	-1.881		-1.506	
4.125	-2.648	-2.492	-2.335	-2.179		-1.804	
4.250	-2.794	-2.638	-2.482	-2.326		-1.951	
4.375	-2.939	-2.783	-2.627	-2.471		-2.096	
4.500	-3.163	-3.006	-2.850	-2.694		-2.319	
Conforming 5/1 LIBOR ARM (CL5)
	15	30	45	60	75	90	
2.500	1.388	1.544	1.700	1.857		2.232	
2.625	1.052	1.208	1.364	1.520		1.895	
2.750	0.651	0.808	0.964	1.120		1.495	
2.875	0.254	0.410	0.567	0.723		1.098	
2.990	-0.064	0.092	0.249	0.405		0.780	
3.125	-0.381	-0.225	-0.068	0.088		0.463	
3.250	-0.731	-0.575	-0.419	-0.263		0.112	
3.375	-1.084	-0.928	-0.771	-0.615		-0.240	
3.500	-1.418	-1.261	-1.105	-0.949		-0.574	
3.625	-1.742	-1.586	-1.430	-1.274		-0.899	
3.750	-1.924	-1.768	-1.611	-1.455		-1.080	
3.875	-2.108	-1.952	-1.796	-1.639		-1.264	
4.000	-2.319	-2.163	-2.007	-1.851		-1.476	
4.125	-2.521	-2.365	-2.208	-2.052		-1.677	
Conforming 3/1 LIBOR ARM (CL3)
	15	30	45	60	75	90	
2.375	3.267	3.424	3.580	3.736		4.111	
2.500	3.033	3.189	3.345	3.502		3.877	
2.625	2.798	2.955	3.111	3.267		3.642	
2.750	2.473	2.630	2.786	2.942		3.317	
2.875	2.152	2.308	2.465	2.621		2.996	
2.990	1.934	2.090	2.246	2.403		2.778	
3.125	1.716	1.872	2.029	2.185		2.560	
3.250	1.502	1.659	1.815	1.971		2.346	
3.375	1.289	1.445	1.601	1.758		2.133	
3.500	1.019	1.175	1.332	1.488		1.863	
3.625	0.750	0.906	1.062	1.219		1.594	
3.750	0.539	0.695	0.852	1.008		1.383	
3.875	0.329	0.485	0.641	0.797		1.172	
4.000	0.292	0.448	0.604	0.761		1.136	
FHA Fixed 15 (FF15)
	15	30	45	60	75	90	
2.750	-0.383	-0.321	-0.254	-0.191		0.184	
2.875	-0.785	-0.722	-0.655	-0.593		-0.218	
2.990	-1.153	-1.091	-1.024	-0.962		-0.587	
3.000	-1.185	-1.123	-1.056	-0.994		-0.619	
3.125	-1.585	-1.523	-1.456	-1.394		-1.019	
3.250	-2.120	-2.057	-1.991	-1.928		-1.553	
3.375	-2.507	-2.445	-2.378	-2.316		-1.941	
3.500	-2.885	-2.823	-2.756	-2.693		-2.318	
3.625	-3.253	-3.191	-3.124	-3.062		-2.687	
3.750	-3.483	-3.428	-3.370	-3.315		-2.940	
3.875	-3.855	-3.800	-3.742	-3.687		-3.312	
3.990	-4.167	-4.112	-4.054	-3.999		-3.624	
4.000	-4.194	-4.139	-4.080	-4.026		-3.651	
4.125	-4.508	-4.454	-4.395	-4.341		-3.966	
4.250	-2.546	-2.515	-2.481	-2.450		-2.075	
4.375	-2.849	-2.818	-2.784	-2.753		-2.378	
4.500	-3.138	-3.106	-3.073	-3.042		-2.667	
FHA Fixed 30 (FF30)
	15	30	45	60	75	90	
3.250	-0.704	-0.639	-0.568	-0.507		-0.132	
3.375	-1.144	-1.078	-1.008	-0.947		-0.572	
3.500	-1.572	-1.506	-1.436	-1.375		-1.000	
3.625	-2.032	-1.966	-1.896	-1.835		-1.460	
3.750	-3.062	-2.967	-2.865	-2.777		-2.402	
3.875	-3.449	-3.354	-3.252	-3.164		-2.789	
3.990	-3.788	-3.693	-3.592	-3.504		-3.129	
4.000	-3.821	-3.726	-3.625	-3.537		-3.162	
4.125	-4.224	-4.129	-4.028	-3.940		-3.565	
4.250	-4.392	-4.334	-4.272	-4.217		-3.842	
4.300	-4.500	-4.441	-4.379	-4.325		-3.950	
4.375	-4.728	-4.670	-4.607	-4.553		-4.178	
4.450	-4.889	-4.831	-4.769	-4.714		-4.339	
4.500	-5.024	-4.966	-4.903	-4.849		-4.474	
4.550	-5.153	-5.094	-5.032	-4.978		-4.603	
4.625	-5.336	-5.277	-5.215	-5.161		-4.786	
4.750	-5.390	-5.309	-5.223	-5.149		-4.774	
4.875	-5.635	-5.555	-5.469	-5.395		-5.020	
4.990	-5.830	-5.749	-5.664	-5.589		-5.214	
5.000	-6.693	-6.613	-6.527	-6.453		-6.078	
5.125	-6.099	-6.019	-5.933	-5.858		-5.483	
5.250	-6.314	-6.263	-6.208	-6.161		-5.786	
5.375	-6.571	-6.520	-6.466	-6.418		-6.043	
5.500	-6.817	-6.766	-6.711	-6.664		-6.289	
FHA 5/1 CMT ARM (FT5)
	15	30	45	60	75	90	
2.250	2.146	2.302	2.458	2.614		2.989	
2.375	1.597	1.753	1.909	2.066		2.441	
2.500	1.049	1.205	1.362	1.518		1.893	
2.625	0.505	0.661	0.817	0.973		1.348	
2.750	0.010	0.166	0.322	0.478		0.853	
2.875	-0.327	-0.171	-0.015	0.141		0.516	
3.000	-0.664	-0.508	-0.351	-0.195		0.180	
3.125	-1.000	-0.844	-0.687	-0.531		-0.156	
3.250	-1.323	-1.167	-1.010	-0.854		-0.479	
3.375	-1.346	-1.189	-1.033	-0.877		-0.502	
3.500	-1.368	-1.211	-1.055	-0.899		-0.524	
3.625	-1.387	-1.231	-1.075	-0.918		-0.543	
3.750	-1.394	-1.238	-1.081	-0.925		-0.550	
3.875	-1.694	-1.538	-1.382	-1.225		-0.850	
4.000	-1.991	-1.835	-1.679	-1.523		-1.148	
4.125	-2.283	-2.127	-1.971	-1.814		-1.439	
4.250	-2.561	-2.405	-2.248	-2.092		-1.717	
USDA Rural Housing Fixed 30 (USDAF30)
	15	30	45	60	75	90	
3.250	0.101	0.166	0.237	0.298		0.673	
3.375	-0.339	-0.273	-0.203	-0.142		0.233	
3.500	-0.767	-0.701	-0.631	-0.570		-0.195	
3.625	-1.227	-1.161	-1.091	-1.030		-0.655	
3.750	-2.257	-2.162	-2.060	-1.972		-1.597	
3.875	-2.644	-2.549	-2.447	-2.359		-1.984	
3.990	-2.983	-2.888	-2.787	-2.699		-2.324	
4.000	-3.016	-2.921	-2.820	-2.732		-2.357	
4.125	-3.419	-3.324	-3.223	-3.135		-2.760	
4.250	-3.587	-3.529	-3.467	-3.412		-3.037	
4.300	-3.695	-3.636	-3.574	-3.520		-3.145	
4.375	-3.923	-3.865	-3.802	-3.748		-3.373	
4.450	-4.084	-4.026	-3.964	-3.909		-3.534	
4.500	-4.219	-4.161	-4.098	-4.044		-3.669	
4.550	-4.348	-4.289	-4.227	-4.173		-3.798	
4.625	-4.531	-4.472	-4.410	-4.356		-3.981	
4.750	-4.585	-4.504	-4.418	-4.344		-3.969	
4.875	-4.830	-4.750	-4.664	-4.590		-4.215	
4.990	-5.025	-4.944	-4.859	-4.784		-4.409	
5.000	-5.888	-5.808	-5.722	-5.648		-5.273	
5.125	-5.294	-5.214	-5.128	-5.053		-4.678	
5.250	-5.509	-5.458	-5.403	-5.356		-4.981	
5.375	-5.766	-5.715	-5.661	-5.613		-5.238	
5.500	-6.012	-5.961	-5.906	-5.859		-5.484	
VA Fixed 15 (VF15)
	15	30	45	60	75	90	
2.750	-0.333	-0.271	-0.204	-0.141		0.234	
2.875	-0.735	-0.672	-0.605	-0.543		-0.168	
2.990	-1.103	-1.041	-0.974	-0.912		-0.537	
3.000	-1.135	-1.073	-1.006	-0.944		-0.569	
3.125	-1.535	-1.473	-1.406	-1.344		-0.969	
3.250	-2.070	-2.007	-1.941	-1.878		-1.503	
3.375	-2.457	-2.395	-2.328	-2.266		-1.891	
3.500	-2.835	-2.773	-2.706	-2.643		-2.268	
3.625	-3.203	-3.141	-3.074	-3.012		-2.637	
3.750	-3.433	-3.378	-3.320	-3.265		-2.890	
3.875	-3.805	-3.750	-3.692	-3.637		-3.262	
3.990	-4.117	-4.062	-4.004	-3.949		-3.574	
4.000	-4.144	-4.089	-4.030	-3.976		-3.601	
4.125	-4.458	-4.404	-4.345	-4.291		-3.916	
4.250	-2.496	-2.465	-2.431	-2.400		-2.025	
4.375	-2.799	-2.768	-2.734	-2.703		-2.328	
4.500	-3.088	-3.056	-3.023	-2.992		-2.617	
VA Fixed 30 (VF30)
	15	30	45	60	75	90	
3.250	-0.684	-0.619	-0.548	-0.487		-0.112	
3.375	-1.124	-1.058	-0.988	-0.927		-0.552	
3.500	-1.552	-1.486	-1.416	-1.355		-0.980	
3.625	-2.012	-1.946	-1.876	-1.815		-1.440	
3.750	-3.042	-2.947	-2.845	-2.757		-2.382	
3.875	-3.429	-3.334	-3.232	-3.144		-2.769	
3.990	-3.768	-3.673	-3.572	-3.484		-3.109	
4.000	-3.801	-3.706	-3.605	-3.517		-3.142	
4.125	-4.204	-4.109	-4.008	-3.920		-3.545	
4.250	-4.372	-4.314	-4.252	-4.197		-3.822	
4.300	-4.480	-4.421	-4.359	-4.305		-3.930	
4.375	-4.708	-4.650	-4.587	-4.533		-4.158	
4.450	-4.869	-4.811	-4.749	-4.694		-4.319	
4.500	-5.004	-4.946	-4.883	-4.829		-4.454	
4.550	-5.133	-5.074	-5.012	-4.958		-4.583	
4.625	-5.316	-5.257	-5.195	-5.141		-4.766	
4.750	-5.370	-5.289	-5.203	-5.129		-4.754	
4.875	-5.615	-5.535	-5.449	-5.375		-5.000	
4.990	-5.810	-5.729	-5.644	-5.569		-5.194	
5.000	-6.673	-6.593	-6.507	-6.433		-6.058	
5.125	-6.079	-5.999	-5.913	-5.838		-5.463	
5.250	-6.294	-6.243	-6.188	-6.141		-5.766	
5.375	-6.551	-6.500	-6.446	-6.398		-6.023	
5.500	-6.797	-6.746	-6.691	-6.644		-6.269	
Conforming High Balance 10/1 LIBOR ARM (CHBL10)
	15	30	45	60	75	90	
2.875	3.038	3.194	3.351	3.507		3.882	
3.000	2.572	2.728	2.885	3.041		3.416	
3.125	2.106	2.263	2.419	2.575		2.950	
3.250	1.683	1.839	1.995	2.152		2.527	
3.375	1.265	1.422	1.578	1.734		2.109	
3.500	0.829	0.986	1.142	1.298		1.673	
3.625	0.401	0.558	0.714	0.870		1.245	
3.750	-0.031	0.126	0.282	0.438		0.813	
3.875	-0.465	-0.309	-0.153	0.003		0.378	
3.990	-0.848	-0.692	-0.536	-0.379		-0.004	
4.125	-1.212	-1.056	-0.900	-0.744		-0.369	
4.250	-1.586	-1.430	-1.274	-1.117		-0.742	
4.375	-1.966	-1.810	-1.654	-1.498		-1.123	
4.500	-2.350	-2.194	-2.038	-1.882		-1.507	
4.625	-2.737	-2.580	-2.424	-2.268		-1.893	
4.750	-2.961	-2.804	-2.648	-2.492		-2.117	
Conforming High Balance Fixed 30 (CHBF30)
	15	30	45	60	75	90	
3.250	4.347	4.425	4.509	4.587		4.962	
3.375	3.413	3.491	3.574	3.652		4.027	
3.450	2.916	2.994	3.078	3.156		3.531	
3.500	2.511	2.589	2.672	2.750		3.125	
3.550	2.200	2.278	2.361	2.439		2.814	
3.625	1.703	1.777	1.852	1.923		2.298	
3.700	1.194	1.265	1.340	1.410		1.785	
3.750	0.926	0.996	1.071	1.142		1.517	
3.800	0.654	0.724	0.799	0.870		1.245	
3.875	0.299	0.369	0.444	0.515		0.890	
3.950	-0.075	-0.005	0.070	0.140		0.515	
3.990	-0.242	-0.172	-0.097	-0.026		0.349	
4.000	-0.198	-0.127	-0.052	0.018		0.393	
4.050	-0.436	-0.358	-0.274	-0.196		0.179	
4.125	-0.860	-0.766	-0.668	-0.590		-0.215	
4.200	-1.293	-1.199	-1.099	-1.005		-0.630	
4.250	-1.509	-1.415	-1.315	-1.221		-0.846	
4.300	-1.729	-1.636	-1.536	-1.442		-1.067	
4.375	-2.009	-1.915	-1.815	-1.721		-1.346	
4.450	-2.305	-2.211	-2.111	-2.017		-1.642	
4.500	-2.407	-2.314	-2.214	-2.120		-1.745	
4.550	-2.180	-2.101	-2.018	-1.940		-1.565	
4.625	-2.574	-2.480	-2.380	-2.294		-1.919	
4.700	-2.956	-2.862	-2.762	-2.668		-2.293	
4.750	-3.125	-3.031	-2.931	-2.837		-2.462	
4.800	-3.298	-3.204	-3.104	-3.010		-2.635	
4.875	-3.517	-3.423	-3.323	-3.229		-2.854	
4.950	-3.755	-3.662	-3.562	-3.468		-3.093	
4.990	-3.865	-3.772	-3.672	-3.578		-3.203	
5.000	-3.838	-3.744	-3.644	-3.551		-3.176	
5.050	-3.102	-3.047	-2.989	-2.934		-2.559	
5.125	-3.469	-3.415	-3.356	-3.302		-2.927	
5.200	-3.858	-3.811	-3.761	-3.714		-3.339	
5.250	-3.987	-3.940	-3.890	-3.843		-3.468	
5.300	-4.120	-4.073	-4.023	-3.976		-3.601	
5.375	-4.291	-4.244	-4.194	-4.147		-3.772	
5.500	-4.575	-4.520	-4.462	-4.407		-4.032	
Conforming High Balance Fixed 15 (CHBF15)
	15	30	45	60	75	90	
2.750	1.845	1.907	1.974	2.036		2.411	
2.875	1.361	1.423	1.490	1.552		1.927	
2.990	0.924	0.986	1.053	1.115		1.490	
3.000	0.879	0.942	1.008	1.071		1.446	
3.125	0.353	0.407	0.462	0.520		0.895	
3.250	-0.507	-0.445	-0.378	-0.316		0.059	
3.375	-0.953	-0.891	-0.824	-0.761		-0.386	
3.500	-1.384	-1.321	-1.259	-1.192		-0.817	
3.625	-1.872	-1.809	-1.747	-1.680		-1.305	
3.750	-2.291	-2.228	-2.166	-2.099		-1.724	
3.875	-2.657	-2.595	-2.532	-2.466		-2.091	
3.990	-2.983	-2.920	-2.858	-2.791		-2.416	
4.000	-2.978	-2.915	-2.853	-2.786		-2.411	
4.125	-3.218	-3.132	-3.046	-2.954		-2.579	
4.250	-3.563	-3.477	-3.391	-3.300		-2.925	
4.375	-3.880	-3.794	-3.708	-3.617		-3.242	
4.500	-4.187	-4.101	-4.015	-3.923		-3.548	
Conforming High Balance 7/1 LIBOR ARM (CHBL7)
	15	30	45	60	75	90	
2.750	2.226	2.382	2.538	2.695		3.070	
2.875	1.813	1.969	2.125	2.281		2.656	
2.990	1.399	1.555	1.711	1.868		2.243	
3.125	0.988	1.145	1.301	1.457		1.832	
3.250	0.595	0.751	0.907	1.063		1.438	
3.375	0.200	0.357	0.513	0.669		1.044	
3.500	-0.214	-0.058	0.098	0.255		0.630	
3.625	-0.629	-0.473	-0.316	-0.160		0.215	
3.750	-0.912	-0.756	-0.600	-0.444		-0.069	
3.875	-1.196	-1.040	-0.883	-0.727		-0.352	
3.990	-1.509	-1.353	-1.197	-1.041		-0.666	
4.125	-1.808	-1.652	-1.495	-1.339		-0.964	
4.250	-1.954	-1.798	-1.642	-1.486		-1.111	
4.375	-2.099	-1.943	-1.787	-1.631		-1.256	
4.500	-2.323	-2.166	-2.010	-1.854		-1.479	
Conforming High Balance 5/1 LIBOR ARM (CHBL5)
	15	30	45	60	75	90	
2.500	2.188	2.344	2.500	2.657		3.032	
2.625	1.852	2.008	2.164	2.320		2.695	
2.750	1.451	1.608	1.764	1.920		2.295	
2.875	1.054	1.210	1.367	1.523		1.898	
2.990	0.736	0.892	1.049	1.205		1.580	
3.125	0.419	0.575	0.732	0.888		1.263	
3.250	0.069	0.225	0.381	0.537		0.912	
3.375	-0.284	-0.128	0.029	0.185		0.560	
3.500	-0.618	-0.461	-0.305	-0.149		0.226	
3.625	-0.942	-0.786	-0.630	-0.474		-0.099	
3.750	-1.124	-0.968	-0.811	-0.655		-0.280	
3.875	-1.308	-1.152	-0.996	-0.839		-0.464	
4.000	-1.519	-1.363	-1.207	-1.051		-0.676	
4.125	-1.721	-1.565	-1.408	-1.252		-0.877	
FHA High Balance Fixed 30 (FHBF30)
	15	30	45	60	75	90	
3.250	0.170	0.236	0.306	0.367		0.742	
3.375	-0.307	-0.242	-0.171	-0.110		0.265	
3.500	-0.769	-0.704	-0.633	-0.572		-0.197	
3.625	-1.258	-1.192	-1.122	-1.061		-0.686	
3.750	-2.017	-1.923	-1.821	-1.733		-1.358	
3.875	-2.438	-2.343	-2.242	-2.154		-1.779	
3.990	-2.803	-2.708	-2.606	-2.518		-2.143	
4.000	-2.841	-2.746	-2.645	-2.557		-2.182	
4.125	-3.270	-3.175	-3.073	-2.985		-2.610	
4.250	-2.973	-2.915	-2.852	-2.798		-2.423	
4.300	-3.078	-3.020	-2.957	-2.903		-2.528	
4.375	-3.342	-3.283	-3.221	-3.167		-2.792	
4.450	-3.497	-3.439	-3.376	-3.322		-2.947	
4.500	-3.665	-3.607	-3.544	-3.490		-3.115	
4.550	-3.758	-3.700	-3.637	-3.583		-3.208	
4.625	-3.999	-3.940	-3.878	-3.824		-3.449	
4.750	-2.901	-2.820	-2.734	-2.660		-2.285	
4.875	-3.177	-3.097	-3.011	-2.937		-2.562	
4.990	-3.392	-3.312	-3.226	-3.152		-2.777	
5.000	-3.419	-3.339	-3.253	-3.179		-2.804	
5.125	-3.694	-3.614	-3.528	-3.454		-3.079	
5.250	-3.571	-3.520	-3.465	-3.418		-3.043	
5.375	-3.866	-3.815	-3.760	-3.713		-3.338	
5.500	-4.147	-4.096	-4.042	-3.994		-3.619	
FHA High Balance 5/1 CMT ARM (FHBT5)
	15	30	45	60	75	90	
2.250	2.036	2.192	2.348	2.504		2.879	
2.375	1.487	1.643	1.799	1.956		2.331	
2.500	0.939	1.095	1.252	1.408		1.783	
2.625	0.395	0.551	0.707	0.863		1.238	
2.750	-0.100	0.056	0.212	0.368		0.743	
2.875	-0.437	-0.281	-0.125	0.031		0.406	
3.000	-0.774	-0.618	-0.461	-0.305		0.070	
3.125	-1.110	-0.954	-0.797	-0.641		-0.266	
3.250	-1.433	-1.277	-1.120	-0.964		-0.589	
3.375	-1.456	-1.299	-1.143	-0.987		-0.612	
3.500	-1.478	-1.321	-1.165	-1.009		-0.634	
3.625	-1.497	-1.341	-1.185	-1.028		-0.653	
3.750	-1.504	-1.348	-1.191	-1.035		-0.660	
3.875	-1.804	-1.648	-1.492	-1.335		-0.960	
4.000	-2.101	-1.945	-1.789	-1.633		-1.258	
4.125	-2.393	-2.237	-2.081	-1.924		-1.549	
4.250	-2.671	-2.515	-2.358	-2.202		-1.827	
VA High Balance Fixed 30 (VHBF30)
	15	30	45	60	75	90	
3.250	0.607	0.673	0.743	0.804		1.179	
3.375	0.130	0.196	0.266	0.327		0.702	
3.500	-0.332	-0.266	-0.196	-0.135		0.240	
3.625	-0.820	-0.755	-0.684	-0.624		-0.249	
3.750	-1.562	-1.468	-1.366	-1.278		-0.903	
3.875	-1.983	-1.888	-1.787	-1.699		-1.324	
3.990	-2.348	-2.253	-2.151	-2.063		-1.688	
4.000	-2.386	-2.291	-2.190	-2.102		-1.727	
4.125	-2.815	-2.720	-2.618	-2.530		-2.155	
4.250	-2.479	-2.420	-2.358	-2.304		-1.929	
4.300	-2.584	-2.525	-2.463	-2.409		-2.034	
4.375	-2.847	-2.789	-2.726	-2.672		-2.297	
4.450	-3.002	-2.944	-2.882	-2.827		-2.452	
4.500	-3.171	-3.112	-3.050	-2.996		-2.621	
4.550	-3.264	-3.205	-3.143	-3.089		-2.714	
4.625	-3.504	-3.446	-3.384	-3.329		-2.954	
4.750	-2.292	-2.212	-2.126	-2.052		-1.677	
4.875	-2.569	-2.489	-2.403	-2.329		-1.954	
4.990	-2.784	-2.704	-2.618	-2.544		-2.169	
5.000	-2.811	-2.731	-2.645	-2.571		-2.196	
5.125	-3.086	-3.006	-2.920	-2.845		-2.470	
5.250	-2.936	-2.885	-2.831	-2.783		-2.408	
5.375	-3.231	-3.180	-3.126	-3.078		-2.703	
5.500	-3.513	-3.462	-3.407	-3.360		-2.985	
VA High Balance Fixed 15 (VHBF15)
	15	30	45	60	75	90	
2.750	2.402	2.464	2.531	2.594		2.969	
2.875	2.000	2.063	2.130	2.192		2.567	
2.990	1.632	1.694	1.761	1.823		2.198	
3.000	1.600	1.662	1.729	1.791		2.166	
3.125	1.200	1.262	1.329	1.391		1.766	
3.250	0.665	0.728	0.794	0.857		1.232	
3.375	0.278	0.340	0.407	0.469		0.844	
3.500	-0.100	-0.038	0.029	0.092		0.467	
3.625	-0.468	-0.406	-0.339	-0.277		0.098	
3.750	-0.448	-0.393	-0.335	-0.280		0.095	
3.875	-0.820	-0.765	-0.707	-0.652		-0.277	
3.990	-1.132	-1.077	-1.019	-0.964		-0.589	
4.000	-1.159	-1.104	-1.045	-0.991		-0.616	
4.125	-1.473	-1.419	-1.360	-1.306		-0.931	
4.250	0.739	0.770	0.804	0.835		1.210	
4.375	0.436	0.467	0.501	0.532		0.907	
4.500	0.147	0.179	0.212	0.243		0.618	
FHA High Balance Fixed 15 (FHBF15)
	15	30	45	60	75	90	
2.750	2.352	2.414	2.481	2.544		2.919	
2.875	1.950	2.013	2.080	2.142		2.517	
2.990	1.582	1.644	1.711	1.773		2.148	
3.000	1.550	1.612	1.679	1.741		2.116	
3.125	1.150	1.212	1.279	1.341		1.716	
3.250	0.615	0.678	0.744	0.807		1.182	
3.375	0.228	0.290	0.357	0.419		0.794	
3.500	-0.150	-0.088	-0.021	0.042		0.417	
3.625	-0.518	-0.456	-0.389	-0.327		0.048	
3.750	-0.498	-0.443	-0.385	-0.330		0.045	
3.875	-0.870	-0.815	-0.757	-0.702		-0.327	
3.990	-1.182	-1.127	-1.069	-1.014		-0.639	
4.000	-1.209	-1.154	-1.095	-1.041		-0.666	
4.125	-1.523	-1.469	-1.410	-1.356		-0.981	
4.250	0.689	0.720	0.754	0.785		1.160	
4.375	0.386	0.417	0.451	0.482		0.857	
4.500	0.097	0.129	0.162	0.193		0.568	
Non-Conforming Jumbo Fixed 30 (JF30)
	15	30	45	60	75	90	
3.750	1.508	1.559	1.610	1.787	1.977	2.162	
3.800	1.188	1.240	1.292	1.471	1.661	1.846	
3.875	0.710	0.763	0.815	0.998	1.188	1.373	
3.950	0.264	0.318	0.372	0.558	0.748	0.933	
3.990	0.027	0.081	0.136	0.323	0.513	0.698	
4.000	-0.033	0.022	0.077	0.264	0.454	0.639	
4.050	-0.221	-0.166	-0.110	0.079	0.269	0.454	
4.125	-0.504	-0.447	-0.391	-0.198	-0.008	0.177	
4.200	-0.829	-0.772	-0.714	-0.518	-0.328	-0.143	
4.250	-1.046	-0.988	-0.929	-0.732	-0.542	-0.357	
4.300	-1.253	-1.194	-1.135	-0.935	-0.745	-0.560	
4.375	-1.564	-1.504	-1.444	-1.241	-1.051	-0.866	
4.450	-1.863	-1.801	-1.740	-1.534	-1.344	-1.159	
4.500	-2.062	-2.000	-1.938	-1.729	-1.539	-1.354	
4.550	-2.243	-2.180	-2.117	-1.907	-1.717	-1.532	
4.625	-2.515	-2.451	-2.387	-2.173	-1.983	-1.798	
4.700	-2.761	-2.696	-2.632	-2.415	-2.225	-2.040	
4.750	-2.926	-2.860	-2.795	-2.576	-2.386	-2.201	
4.800	-3.039	-2.973	-2.906	-2.686	-2.496	-2.311	
4.875	-3.209	-3.141	-3.074	-2.850	-2.660	-2.475	
4.950	-3.209	-3.141	-3.074	-2.850	-2.660	-2.475	
4.990	-3.209	-3.141	-3.074	-2.850	-2.660	-2.475	
5.000	-3.209	-3.141	-3.074	-2.850	-2.660	-2.475	
5.050	-3.209	-3.141	-3.074	-2.850	-2.660	-2.475	
5.125	-3.209	-3.141	-3.074	-2.850	-2.660	-2.475	
Non-Conforming Jumbo 5/1 LIBOR ARM (JL5)
	15	30	45	60	75	90	
3.000	1.016	1.172	1.328	1.484	
3.125	0.610	0.766	0.922	1.078	
3.250	0.296	0.452	0.608	0.764	
3.375	-0.038	0.118	0.274	0.431	
3.500	-0.351	-0.195	-0.039	0.117	
3.625	-0.631	-0.475	-0.319	-0.162	
3.750	-0.948	-0.792	-0.636	-0.479	
3.875	-1.126	-0.970	-0.814	-0.658	
4.000	-1.411	-1.255	-1.098	-0.942	
4.125	-1.411	-1.255	-1.098	-0.942	
Non-Conforming Jumbo 10/1 LIBOR ARM (JL10)
	15	30	45	60	75	90	
3.250	1.498	1.654	1.810	1.966	
3.375	1.007	1.163	1.320	1.476	
3.500	0.428	0.584	0.740	0.896	
3.625	0.071	0.227	0.383	0.540	
3.750	-0.287	-0.131	0.025	0.181	
3.875	-0.619	-0.463	-0.307	-0.151	
4.000	-1.029	-0.873	-0.717	-0.560	
4.125	-1.257	-1.101	-0.945	-0.789	
4.250	-1.579	-1.423	-1.267	-1.111	
4.375	-1.579	-1.423	-1.267	-1.111	
4.500	-1.579	-1.423	-1.267	-1.111	
Non-Conforming Jumbo Fixed 15 (JF15)
	15	30	45	60	75	90	
3.125	1.322	1.364	1.406	1.557	
3.250	0.797	0.841	0.885	1.041	
3.375	0.301	0.347	0.392	0.554	
3.500	-0.097	-0.050	-0.002	0.164	
3.625	-0.498	-0.448	-0.399	-0.227	
3.750	-0.867	-0.816	-0.765	-0.588	
3.875	-1.026	-0.973	-0.920	-0.738	
4.000	-1.365	-1.310	-1.255	-1.068	
4.125	-1.365	-1.310	-1.255	-1.068	
4.250	-1.365	-1.310	-1.255	-1.068	
4.375	-1.365	-1.310	-1.255	-1.068	
Non-Conforming Jumbo 7/1 LIBOR ARM (JL7)
	15	30	45	60	75	90	
3.000	1.310	1.466	1.622	1.779	
3.125	0.833	0.989	1.145	1.301	
3.250	0.493	0.649	0.805	0.962	
3.375	0.060	0.216	0.372	0.528	
3.500	-0.318	-0.162	-0.006	0.151	
3.625	-0.660	-0.504	-0.348	-0.191	
3.750	-1.056	-0.900	-0.744	-0.588	
3.875	-1.263	-1.107	-0.951	-0.795	
4.000	-1.558	-1.402	-1.246	-1.090	
4.125	-1.558	-1.402	-1.246	-1.090	
Conforming DU Refi Plus Fixed 15 (CRPF15)
	15	30	45	60	75	90	
2.750	1.479	1.541	1.608	1.671	
2.875	0.927	0.990	1.056	1.119	
3.000	0.363	0.417	0.472	0.530	
3.125	-0.134	-0.079	-0.024	0.034	
3.250	-0.735	-0.673	-0.606	-0.543	
3.375	-1.185	-1.123	-1.056	-0.998	
3.500	-1.679	-1.616	-1.554	-1.487	
3.625	-2.148	-2.086	-2.023	-1.957	
3.750	-2.670	-2.608	-2.545	-2.479	
3.875	-3.081	-3.019	-2.956	-2.889	
4.000	-3.251	-3.189	-3.126	-3.060	
4.125	-3.555	-3.469	-3.383	-3.291	
4.250	-4.022	-3.936	-3.850	-3.759	
4.375	-4.393	-4.307	-4.221	-4.129	
4.500	-4.692	-4.606	-4.520	-4.428	
Conforming DU Refi Plus Fixed 30 (CRPF30)
	15	30	45	60	75	90	
3.250	3.588	3.666	3.749	3.828	
3.375	2.662	2.740	2.824	2.902	
3.450	2.171	2.249	2.332	2.410	
3.500	1.770	1.848	1.931	2.009	
3.550	1.460	1.531	1.606	1.676	
3.625	0.932	1.003	1.078	1.148	
3.700	0.466	0.536	0.611	0.681	
3.750	0.196	0.267	0.342	0.412	
3.800	-0.076	-0.005	0.070	0.140	
3.875	-0.443	-0.373	-0.298	-0.227	
3.950	-0.822	-0.752	-0.677	-0.607	
3.990	-0.989	-0.919	-0.844	-0.773	
4.000	-1.113	-1.019	-0.919	-0.826	
4.050	-1.365	-1.271	-1.171	-1.077	
4.125	-1.760	-1.667	-1.567	-1.473	
4.200	-2.112	-2.019	-1.919	-1.825	
4.250	-2.336	-2.243	-2.143	-2.049	
4.300	-2.562	-2.469	-2.369	-2.275	
4.375	-2.905	-2.811	-2.711	-2.618	
4.450	-3.227	-3.134	-3.034	-2.940	
4.500	-3.410	-3.316	-3.216	-3.122	
4.550	-3.630	-3.536	-3.436	-3.343	
4.625	-3.972	-3.878	-3.778	-3.684	
4.700	-4.287	-4.193	-4.093	-4.000	
4.750	-4.488	-4.394	-4.294	-4.200	
4.800	-4.689	-4.596	-4.496	-4.402	
4.875	-4.991	-4.898	-4.798	-4.704	
4.950	-5.281	-5.187	-5.087	-4.994	
4.990	-5.391	-5.298	-5.198	-5.104	
5.000	-5.368	-5.274	-5.174	-5.105	
5.050	-5.486	-5.439	-5.389	-5.342	
5.125	-5.827	-5.781	-5.731	-5.684	
5.200	-6.182	-6.135	-6.085	-6.038	
5.250	-6.347	-6.300	-6.250	-6.203	
5.300	-6.516	-6.469	-6.419	-6.372	
5.375	-6.734	-6.687	-6.637	-6.610	
5.500	-7.133	-7.114	-7.114	-7.114	
Conforming DU Refi Plus High Balance Fixed 30 (CRPHBF30)
	15	30	45	60	75	90	
3.250	4.927	5.005	5.089	5.167	
3.375	3.993	4.071	4.154	4.232	
3.450	3.496	3.574	3.658	3.736	
3.500	3.091	3.169	3.252	3.330	
3.550	2.780	2.858	2.941	3.019	
3.625	2.283	2.357	2.432	2.503	
3.700	1.774	1.845	1.920	1.990	
3.750	1.506	1.576	1.651	1.722	
3.800	1.234	1.304	1.379	1.450	
3.875	0.879	0.949	1.024	1.095	
3.950	0.505	0.575	0.650	0.720	
3.990	0.338	0.408	0.483	0.554	
4.000	0.382	0.453	0.528	0.598	
4.050	0.144	0.222	0.306	0.384	
4.125	-0.280	-0.186	-0.088	-0.010	
4.200	-0.713	-0.619	-0.519	-0.425	
4.250	-0.929	-0.835	-0.735	-0.641	
4.300	-1.149	-1.056	-0.956	-0.862	
4.375	-1.429	-1.335	-1.235	-1.141	
4.450	-1.725	-1.631	-1.531	-1.437	
4.500	-1.827	-1.734	-1.634	-1.540	
4.550	-1.600	-1.521	-1.438	-1.360	
4.625	-1.994	-1.900	-1.800	-1.714	
4.700	-2.376	-2.282	-2.182	-2.088	
4.750	-2.545	-2.451	-2.351	-2.257	
4.800	-2.718	-2.624	-2.524	-2.430	
4.875	-2.937	-2.843	-2.743	-2.649	
4.950	-3.175	-3.082	-2.982	-2.888	
4.990	-3.285	-3.192	-3.092	-2.998	
5.000	-3.258	-3.164	-3.064	-2.971	
5.050	-2.522	-2.467	-2.409	-2.354	
5.125	-2.889	-2.835	-2.776	-2.722	
5.200	-3.278	-3.231	-3.181	-3.134	
5.250	-3.407	-3.360	-3.310	-3.263	
5.300	-3.540	-3.493	-3.443	-3.396	
5.375	-3.711	-3.664	-3.614	-3.567	
5.500	-3.995	-3.940	-3.882	-3.827	
Conforming DU Refi Plus High Balance Fixed 15 (CRPHBF15)
	15	30	45	60	75	90	
2.750	2.445	2.507	2.574	2.636	
2.875	1.961	2.023	2.090	2.152	
3.000	1.479	1.542	1.608	1.671	
3.125	0.953	1.007	1.062	1.120	
3.250	0.093	0.155	0.222	0.284	
3.375	-0.353	-0.291	-0.224	-0.161	
3.500	-0.784	-0.721	-0.659	-0.592	
3.625	-1.272	-1.209	-1.147	-1.080	
3.750	-1.691	-1.628	-1.566	-1.499	
3.875	-2.057	-1.995	-1.932	-1.866	
4.000	-2.378	-2.315	-2.253	-2.186	
4.125	-2.618	-2.532	-2.446	-2.354	
4.250	-2.963	-2.877	-2.791	-2.700	
4.375	-3.280	-3.194	-3.108	-3.017	
4.500	-3.587	-3.501	-3.415	-3.323	
Conforming Relief Refinance Fixed 15 (CRRF15)
	15	30	45	60	75	90	
2.750	1.479	1.541	1.608	1.671	
2.875	0.927	0.990	1.056	1.119	
3.000	0.363	0.417	0.472	0.530	
3.125	-0.134	-0.079	-0.024	0.034	
3.250	-0.735	-0.673	-0.606	-0.543	
3.375	-1.185	-1.123	-1.056	-0.998	
3.500	-1.679	-1.616	-1.554	-1.487	
3.625	-2.148	-2.086	-2.023	-1.957	
3.750	-2.670	-2.608	-2.545	-2.479	
3.875	-3.081	-3.019	-2.956	-2.889	
4.000	-3.251	-3.189	-3.126	-3.060	
4.125	-3.555	-3.469	-3.383	-3.291	
4.250	-4.022	-3.936	-3.850	-3.759	
4.375	-4.393	-4.307	-4.221	-4.129	
4.500	-4.692	-4.606	-4.520	-4.428	
Conforming Relief Refinance Fixed 30 (CRRF30)
	15	30	45	60	75	90	
3.250	3.588	3.666	3.749	3.828	
3.375	2.662	2.740	2.824	2.902	
3.450	2.171	2.249	2.332	2.410	
3.500	1.770	1.848	1.931	2.009	
3.550	1.460	1.531	1.606	1.676	
3.625	0.932	1.003	1.078	1.148	
3.700	0.466	0.536	0.611	0.681	
3.750	0.196	0.267	0.342	0.412	
3.800	-0.076	-0.005	0.070	0.140	
3.875	-0.443	-0.373	-0.298	-0.227	
3.950	-0.822	-0.752	-0.677	-0.607	
3.990	-0.989	-0.919	-0.844	-0.773	
4.000	-1.113	-1.019	-0.919	-0.826	
4.050	-1.365	-1.271	-1.171	-1.077	
4.125	-1.760	-1.667	-1.567	-1.473	
4.200	-2.112	-2.019	-1.919	-1.825	
4.250	-2.336	-2.243	-2.143	-2.049	
4.300	-2.562	-2.469	-2.369	-2.275	
4.375	-2.905	-2.811	-2.711	-2.618	
4.450	-3.227	-3.134	-3.034	-2.940	
4.500	-3.410	-3.316	-3.216	-3.122	
4.550	-3.630	-3.536	-3.436	-3.343	
4.625	-3.972	-3.878	-3.778	-3.684	
4.700	-4.287	-4.193	-4.093	-4.000	
4.750	-4.488	-4.394	-4.294	-4.200	
4.800	-4.689	-4.596	-4.496	-4.402	
4.875	-4.991	-4.898	-4.798	-4.704	
4.950	-5.281	-5.187	-5.087	-4.994	
4.990	-5.391	-5.298	-5.198	-5.104	
5.000	-5.368	-5.274	-5.174	-5.105	
5.050	-5.486	-5.439	-5.389	-5.342	
5.125	-5.827	-5.781	-5.731	-5.684	
5.200	-6.182	-6.135	-6.085	-6.038	
5.250	-6.347	-6.300	-6.250	-6.203	
5.300	-6.516	-6.469	-6.419	-6.372	
5.375	-6.734	-6.687	-6.637	-6.610	
5.500	-7.133	-7.114	-7.114	-7.114	
Conforming Relief Refinance Super Conforming Fixed 30 (CRRSCF30)
	15	30	45	60	75	90	
3.250	4.957	5.035	5.119	5.197	
3.375	4.023	4.101	4.184	4.262	
3.450	3.526	3.604	3.688	3.766	
3.500	3.121	3.199	3.282	3.360	
3.550	2.810	2.888	2.971	3.049	
3.625	2.313	2.387	2.462	2.533	
3.700	1.804	1.875	1.950	2.020	
3.750	1.536	1.606	1.681	1.752	
3.800	1.264	1.334	1.409	1.480	
3.875	0.909	0.979	1.054	1.125	
3.950	0.535	0.605	0.680	0.750	
3.990	0.368	0.438	0.513	0.584	
4.000	0.412	0.483	0.558	0.628	
4.050	0.174	0.252	0.336	0.414	
4.125	-0.250	-0.156	-0.058	0.020	
4.200	-0.683	-0.589	-0.489	-0.395	
4.250	-0.899	-0.805	-0.705	-0.611	
4.300	-1.119	-1.026	-0.926	-0.832	
4.375	-1.399	-1.305	-1.205	-1.111	
4.450	-1.695	-1.601	-1.501	-1.407	
4.500	-1.797	-1.704	-1.604	-1.510	
4.550	-1.570	-1.491	-1.408	-1.330	
4.625	-1.964	-1.870	-1.770	-1.684	
4.700	-2.346	-2.252	-2.152	-2.058	
4.750	-2.515	-2.421	-2.321	-2.227	
4.800	-2.688	-2.594	-2.494	-2.400	
4.875	-2.907	-2.813	-2.713	-2.619	
4.950	-3.145	-3.052	-2.952	-2.858	
4.990	-3.255	-3.162	-3.062	-2.968	
5.000	-3.228	-3.134	-3.034	-2.941	
5.050	-2.492	-2.437	-2.379	-2.324	
5.125	-2.859	-2.805	-2.746	-2.692	
5.200	-3.248	-3.201	-3.151	-3.104	
5.250	-3.377	-3.330	-3.280	-3.233	
5.300	-3.510	-3.463	-3.413	-3.366	
5.375	-3.681	-3.634	-3.584	-3.537	
5.500	-3.965	-3.910	-3.852	-3.797	
Conforming Relief Refinance Super Conforming Fixed 15 (CRRSCF15)
	15	30	45	60	75	90	
2.750	2.355	2.417	2.484	2.546	
2.875	1.871	1.933	2.000	2.062	
3.000	1.389	1.452	1.518	1.581	
3.125	0.863	0.917	0.972	1.030	
3.250	0.003	0.065	0.132	0.194	
3.375	-0.443	-0.381	-0.314	-0.251	
3.500	-0.874	-0.811	-0.749	-0.682	
3.625	-1.362	-1.299	-1.237	-1.170	
3.750	-1.781	-1.718	-1.656	-1.589	
3.875	-2.147	-2.085	-2.022	-1.956	
4.000	-2.468	-2.405	-2.343	-2.276	
4.125	-2.708	-2.622	-2.536	-2.444	
4.250	-3.053	-2.967	-2.881	-2.790	
4.375	-3.370	-3.284	-3.198	-3.107	
4.500	-3.677	-3.591	-3.505	-3.413	
Conforming HomeReady High Balance Fixed 30 (CHRHBF30)
	15	30	45	60	75	90	
3.250	4.537	4.615	4.699	4.777		5.152	
3.375	3.603	3.681	3.764	3.842		4.217	
3.450	3.106	3.184	3.268	3.346		3.721	
3.500	2.701	2.779	2.862	2.940		3.315	
3.550	2.390	2.468	2.551	2.629		3.004	
3.625	1.893	1.967	2.042	2.113		2.488	
3.700	1.384	1.455	1.530	1.600		1.975	
3.750	1.116	1.186	1.261	1.332		1.707	
3.800	0.844	0.914	0.989	1.060		1.435	
3.875	0.489	0.559	0.634	0.705		1.080	
3.950	0.115	0.185	0.260	0.330		0.705	
3.990	-0.052	0.018	0.093	0.164		0.539	
4.000	-0.008	0.063	0.138	0.208		0.583	
4.050	-0.246	-0.168	-0.084	-0.006		0.369	
4.125	-0.670	-0.576	-0.478	-0.400		-0.025	
4.200	-1.103	-1.009	-0.909	-0.815		-0.440	
4.250	-1.319	-1.225	-1.125	-1.031		-0.656	
4.300	-1.539	-1.446	-1.346	-1.252		-0.877	
4.375	-1.819	-1.725	-1.625	-1.531		-1.156	
4.450	-2.115	-2.021	-1.921	-1.827		-1.452	
4.500	-2.217	-2.124	-2.024	-1.930		-1.555	
4.550	-1.990	-1.911	-1.828	-1.750		-1.375	
4.625	-2.384	-2.290	-2.190	-2.104		-1.729	
4.700	-2.766	-2.672	-2.572	-2.478		-2.103	
4.750	-2.935	-2.841	-2.741	-2.647		-2.272	
4.800	-3.108	-3.014	-2.914	-2.820		-2.445	
4.875	-3.327	-3.233	-3.133	-3.039		-2.664	
4.950	-3.565	-3.472	-3.372	-3.278		-2.903	
4.990	-3.675	-3.582	-3.482	-3.388		-3.013	
5.000	-3.648	-3.554	-3.454	-3.361		-2.986	
5.050	-2.912	-2.857	-2.799	-2.744		-2.369	
5.125	-3.279	-3.225	-3.166	-3.112		-2.737	
5.200	-3.668	-3.621	-3.571	-3.524		-3.149	
5.250	-3.797	-3.750	-3.700	-3.653		-3.278	
5.300	-3.930	-3.883	-3.833	-3.786		-3.411	
5.375	-4.101	-4.054	-4.004	-3.957		-3.582	
5.500	-4.385	-4.330	-4.272	-4.217		-3.842	
Conforming HomeReady Fixed 30 (CHRF30)
	15	30	45	60	75	90	
3.250	2.738	2.816	2.899	2.978		3.353	
3.375	1.812	1.890	1.974	2.052		2.427	
3.450	1.321	1.399	1.482	1.560		1.935	
3.500	0.920	0.998	1.081	1.159		1.534	
3.550	0.610	0.681	0.756	0.826		1.201	
3.625	0.082	0.153	0.228	0.298		0.673	
3.700	-0.384	-0.314	-0.239	-0.169		0.206	
3.750	-0.654	-0.583	-0.508	-0.438		-0.063	
3.800	-0.926	-0.855	-0.780	-0.710		-0.335	
3.875	-1.293	-1.223	-1.148	-1.077		-0.702	
3.950	-1.672	-1.602	-1.527	-1.457		-1.082	
3.990	-1.839	-1.769	-1.694	-1.623		-1.248	
4.000	-1.963	-1.869	-1.769	-1.676		-1.301	
4.050	-2.215	-2.121	-2.021	-1.927		-1.552	
4.125	-2.610	-2.517	-2.417	-2.323		-1.948	
4.200	-2.962	-2.869	-2.769	-2.675		-2.300	
4.250	-3.186	-3.093	-2.993	-2.899		-2.524	
4.300	-3.412	-3.319	-3.219	-3.125		-2.750	
4.375	-3.755	-3.661	-3.561	-3.468		-3.093	
4.450	-4.077	-3.984	-3.884	-3.790		-3.415	
4.500	-4.260	-4.166	-4.066	-3.972		-3.597	
4.550	-4.480	-4.386	-4.286	-4.193		-3.818	
4.625	-4.822	-4.728	-4.628	-4.534		-4.159	
4.700	-5.137	-5.043	-4.943	-4.850		-4.475	
4.750	-5.338	-5.244	-5.144	-5.050		-4.675	
4.800	-5.539	-5.446	-5.346	-5.252		-4.877	
4.875	-5.841	-5.748	-5.648	-5.554		-5.179	
4.950	-6.131	-6.037	-5.937	-5.844		-5.469	
4.990	-6.241	-6.148	-6.048	-5.954		-5.579	
5.000	-6.218	-6.124	-6.024	-5.955		-5.580	
5.050	-6.336	-6.289	-6.239	-6.192		-5.817	
5.125	-6.677	-6.631	-6.581	-6.534		-6.159	
5.200	-7.032	-6.985	-6.935	-6.888		-6.513	
5.250	-7.197	-7.150	-7.100	-7.053		-6.678	
5.300	-7.366	-7.319	-7.269	-7.222		-6.847	
5.375	-7.584	-7.537	-7.487	-7.460		-7.085	
5.500	-7.983	-7.964	-7.964	-7.964		-7.589	
Conforming Home Possible Fixed 30 (CHMPF30)
	15	30	45	60	75	90	
3.250	2.738	2.816	2.899	2.978		3.353	
3.375	1.812	1.890	1.974	2.052		2.427	
3.450	1.321	1.399	1.482	1.560		1.935	
3.500	0.920	0.998	1.081	1.159		1.534	
3.550	0.610	0.681	0.756	0.826		1.201	
3.625	0.082	0.153	0.228	0.298		0.673	
3.700	-0.384	-0.314	-0.239	-0.169		0.206	
3.750	-0.654	-0.583	-0.508	-0.438		-0.063	
3.800	-0.926	-0.855	-0.780	-0.710		-0.335	
3.875	-1.293	-1.223	-1.148	-1.077		-0.702	
3.950	-1.672	-1.602	-1.527	-1.457		-1.082	
3.990	-1.839	-1.769	-1.694	-1.623		-1.248	
4.000	-1.963	-1.869	-1.769	-1.676		-1.301	
4.050	-2.215	-2.121	-2.021	-1.927		-1.552	
4.125	-2.610	-2.517	-2.417	-2.323		-1.948	
4.200	-2.962	-2.869	-2.769	-2.675		-2.300	
4.250	-3.186	-3.093	-2.993	-2.899		-2.524	
4.300	-3.412	-3.319	-3.219	-3.125		-2.750	
4.375	-3.755	-3.661	-3.561	-3.468		-3.093	
4.450	-4.077	-3.984	-3.884	-3.790		-3.415	
4.500	-4.260	-4.166	-4.066	-3.972		-3.597	
4.550	-4.480	-4.386	-4.286	-4.193		-3.818	
4.625	-4.822	-4.728	-4.628	-4.534		-4.159	
4.700	-5.137	-5.043	-4.943	-4.850		-4.475	
4.750	-5.338	-5.244	-5.144	-5.050		-4.675	
4.800	-5.539	-5.446	-5.346	-5.252		-4.877	
4.875	-5.841	-5.748	-5.648	-5.554		-5.179	
4.950	-6.131	-6.037	-5.937	-5.844		-5.469	
4.990	-6.241	-6.148	-6.048	-5.954		-5.579	
5.000	-6.218	-6.124	-6.024	-5.955		-5.580	
5.050	-6.336	-6.289	-6.239	-6.192		-5.817	
5.125	-6.677	-6.631	-6.581	-6.534		-6.159	
5.200	-7.032	-6.985	-6.935	-6.888		-6.513	
5.250	-7.197	-7.150	-7.100	-7.053		-6.678	
5.300	-7.366	-7.319	-7.269	-7.222		-6.847	
5.375	-7.584	-7.537	-7.487	-7.460		-7.085	
5.500	-7.983	-7.964	-7.964	-7.964		-7.589	
Conforming Home Possible Fixed 15 (CHMPF15)
	15	30	45	60	75	90	
2.750	0.664	0.726	0.793	0.856		1.231	
2.875	0.112	0.175	0.241	0.304		0.679	
2.990	-0.359	-0.297	-0.230	-0.168		0.207	
3.000	-0.452	-0.398	-0.343	-0.285		0.090	
3.125	-0.949	-0.894	-0.839	-0.781		-0.406	
3.250	-1.550	-1.488	-1.421	-1.358		-0.983	
3.375	-2.000	-1.938	-1.871	-1.813		-1.438	
3.500	-2.494	-2.431	-2.369	-2.302		-1.927	
3.625	-2.963	-2.901	-2.838	-2.772		-2.397	
3.750	-3.485	-3.423	-3.360	-3.294		-2.919	
3.875	-3.896	-3.834	-3.771	-3.704		-3.329	
3.990	-4.223	-4.160	-4.098	-4.031		-3.656	
4.000	-4.066	-4.004	-3.941	-3.875		-3.500	
4.125	-4.370	-4.284	-4.198	-4.106		-3.731	
4.250	-4.837	-4.751	-4.665	-4.574		-4.199	
4.375	-5.208	-5.122	-5.036	-4.944		-4.569	
4.500	-5.507	-5.421	-5.335	-5.243		-4.868	
Conforming HomeReady Fixed 15 (CHRF15)
	15	30	45	60	75	90	
2.750	0.664	0.726	0.793	0.856		1.231	
2.875	0.112	0.175	0.241	0.304		0.679	
2.990	-0.359	-0.297	-0.230	-0.168		0.207	
3.000	-0.452	-0.398	-0.343	-0.285		0.090	
3.125	-0.949	-0.894	-0.839	-0.781		-0.406	
3.250	-1.550	-1.488	-1.421	-1.358		-0.983	
3.375	-2.000	-1.938	-1.871	-1.813		-1.438	
3.500	-2.494	-2.431	-2.369	-2.302		-1.927	
3.625	-2.963	-2.901	-2.838	-2.772		-2.397	
3.750	-3.485	-3.423	-3.360	-3.294		-2.919	
3.875	-3.896	-3.834	-3.771	-3.704		-3.329	
3.990	-4.223	-4.160	-4.098	-4.031		-3.656	
4.000	-4.066	-4.004	-3.941	-3.875		-3.500	
4.125	-4.370	-4.284	-4.198	-4.106		-3.731	
4.250	-4.837	-4.751	-4.665	-4.574		-4.199	
4.375	-5.208	-5.122	-5.036	-4.944		-4.569	
4.500	-5.507	-5.421	-5.335	-5.243		-4.868	
Conforming HomeReady High Balance Fixed 15 (CHRHBF15)
	15	30	45	60	75	90	
2.750	1.423	1.485	1.552	1.614		1.989	
2.875	0.939	1.001	1.068	1.130		1.505	
2.990	0.502	0.564	0.631	0.693		1.068	
3.000	0.457	0.520	0.586	0.649		1.024	
3.125	-0.069	-0.015	0.040	0.098		0.473	
3.250	-0.929	-0.867	-0.800	-0.738		-0.363	
3.375	-1.375	-1.313	-1.246	-1.183		-0.808	
3.500	-1.806	-1.743	-1.681	-1.614		-1.239	
3.625	-2.294	-2.231	-2.169	-2.102		-1.727	
3.750	-2.713	-2.650	-2.588	-2.521		-2.146	
3.875	-3.079	-3.017	-2.954	-2.888		-2.513	
3.990	-3.405	-3.342	-3.280	-3.213		-2.838	
4.000	-3.400	-3.337	-3.275	-3.208		-2.833	
4.125	-3.640	-3.554	-3.468	-3.376		-3.001	
4.250	-3.985	-3.899	-3.813	-3.722		-3.347	
4.375	-4.302	-4.216	-4.130	-4.039		-3.664	
4.500	-4.609	-4.523	-4.437	-4.345		-3.970	
Portfolio Non-Agency Homeowner Access 5/1 LIBOR ARM (NAHOL5)
	15	30	45	60	75	90	
4.875		3.630	3.755	3.880	4.005	
5.000		3.415	3.540	3.665	3.790	
5.125		3.199	3.324	3.449	3.574	
5.250		2.979	3.104	3.229	3.354	
5.375		2.754	2.879	3.004	3.129	
5.500		2.529	2.654	2.779	2.904	
5.625		2.303	2.428	2.553	2.678	
5.750		2.076	2.201	2.326	2.451	
5.875		1.849	1.974	2.099	2.224	
6.000		1.621	1.746	1.871	1.996	
6.125		1.393	1.518	1.643	1.768	
6.250		1.163	1.288	1.413	1.538	
6.375		0.931	1.056	1.181	1.306	
6.500		0.699	0.824	0.949	1.074	
6.625		0.466	0.591	0.716	0.841	
6.750		0.233	0.358	0.483	0.608	
6.875		0.001	0.126	0.251	0.376	
Portfolio Non-Agency Homeowner Access 30 Year Fixed (NAHOF30)
	15	30	45	60	75	90	
5.250		3.541	3.666	3.791	3.916	
5.375		3.368	3.493	3.618	3.743	
5.500		3.185	3.310	3.435	3.560	
5.625		2.995	3.120	3.245	3.370	
5.750		2.799	2.924	3.049	3.174	
5.875		2.598	2.723	2.848	2.973	
6.000		2.393	2.518	2.643	2.768	
6.125		2.184	2.309	2.434	2.559	
6.250		1.951	2.076	2.201	2.326	
6.375		1.716	1.841	1.966	2.091	
6.500		1.481	1.606	1.731	1.856	
6.625		1.246	1.371	1.496	1.621	
6.750		1.011	1.136	1.261	1.386	
6.875		0.776	0.901	1.026	1.151	
7.000		0.541	0.666	0.791	0.916	
7.125		0.306	0.431	0.556	0.681	
7.250		0.071	0.196	0.321	0.446	
Portfolio Non-Agency Premier Access 5/1 LIBOR ARM (NAJAL5)
	15	30	45	60	75	90	
4.250		2.483	2.608	2.733	2.858	
4.375		2.275	2.400	2.525	2.650	
4.500		2.066	2.191	2.316	2.441	
4.625		1.855	1.980	2.105	2.230	
4.750		1.642	1.767	1.892	2.017	
4.875		1.430	1.555	1.680	1.805	
5.000		1.215	1.340	1.465	1.590	
5.125		0.999	1.124	1.249	1.374	
5.250		0.779	0.904	1.029	1.154	
5.375		0.554	0.679	0.804	0.929	
5.500		0.329	0.454	0.579	0.704	
5.625		0.103	0.228	0.353	0.478	
5.750		-0.124	0.001	0.126	0.251	
5.875		-0.351	-0.226	-0.101	0.024	
6.000		-0.579	-0.454	-0.329	-0.204	
6.125		-0.807	-0.682	-0.557	-0.432	
6.250		-1.037	-0.912	-0.787	-0.662	
Portfolio Non-Agency Premier Access 5/1 LIBOR ARM w/ 10 Year Interest Only (NAJAL5I)
	15	30	45	60	75	90	
4.625		2.605	2.730	2.855	2.980	
4.750		2.392	2.517	2.642	2.767	
4.875		2.180	2.305	2.430	2.555	
5.000		1.965	2.090	2.215	2.340	
5.125		1.749	1.874	1.999	2.124	
5.250		1.529	1.654	1.779	1.904	
5.375		1.304	1.429	1.554	1.679	
5.500		1.079	1.204	1.329	1.454	
5.625		0.853	0.978	1.103	1.228	
5.750		0.626	0.751	0.876	1.001	
5.875		0.399	0.524	0.649	0.774	
6.000		0.171	0.296	0.421	0.546	
6.125		-0.057	0.068	0.193	0.318	
6.250		-0.287	-0.162	-0.037	0.088	
6.375		-0.519	-0.394	-0.269	-0.144	
6.500		-0.751	-0.626	-0.501	-0.376	
6.625		-0.984	-0.859	-0.734	-0.609	
Portfolio Non-Agency Premier Access 30 Year Fixed (NAJAF30)
	15	30	45	60	75	90	
4.625		2.269	2.394	2.519	2.644	
4.750		2.099	2.224	2.349	2.474	
4.875		1.922	2.047	2.172	2.297	
5.000		1.747	1.872	1.997	2.122	
5.125		1.565	1.690	1.815	1.940	
5.250		1.401	1.526	1.651	1.776	
5.375		1.228	1.353	1.478	1.603	
5.500		1.045	1.170	1.295	1.420	
5.625		0.855	0.980	1.105	1.230	
5.750		0.659	0.784	0.909	1.034	
5.875		0.458	0.583	0.708	0.833	
6.000		0.253	0.378	0.503	0.628	
6.125		0.044	0.169	0.294	0.419	
6.250		-0.189	-0.064	0.061	0.186	
6.375		-0.424	-0.299	-0.174	-0.049	
6.500		-0.659	-0.534	-0.409	-0.284	
6.625		-0.894	-0.769	-0.644	-0.519	
Portfolio Non-Agency Fresh Start 5/1 LIBOR ARM (NAFSL5)
	15	30	45	60	75	90	
6.125		4.083	4.208	4.333	4.458	
6.250		3.853	3.978	4.103	4.228	
6.375		3.621	3.746	3.871	3.996	
6.500		3.389	3.514	3.639	3.764	
6.625		3.156	3.281	3.406	3.531	
6.750		2.923	3.048	3.173	3.298	
6.875		2.691	2.816	2.941	3.066	
7.000		2.459	2.584	2.709	2.834	
7.125		2.226	2.351	2.476	2.601	
7.250		1.992	2.117	2.242	2.367	
7.375		1.757	1.882	2.007	2.132	
7.500		1.522	1.647	1.772	1.897	
7.625		1.247	1.372	1.497	1.622	
7.750		0.966	1.091	1.216	1.341	
7.875		0.665	0.790	0.915	1.040	
8.000		0.343	0.468	0.593	0.718	
8.125		0.109	0.234	0.359	0.484	
Portfolio Non-Agency Fresh Start 30 Year Fixed (NAFSF30)
	15	30	45	60	75	90	
6.500		4.181	4.306	4.431	4.556	
6.625		3.946	4.071	4.196	4.321	
6.750		3.711	3.836	3.961	4.086	
6.875		3.476	3.601	3.726	3.851	
7.000		3.241	3.366	3.491	3.616	
7.125		3.006	3.131	3.256	3.381	
7.250		2.771	2.896	3.021	3.146	
7.375		2.536	2.661	2.786	2.911	
7.500		2.301	2.426	2.551	2.676	
7.625		2.066	2.191	2.316	2.441	
7.750		1.831	1.956	2.081	2.206	
7.875		1.596	1.721	1.846	1.971	
8.000		1.361	1.486	1.611	1.736	
8.125		1.126	1.251	1.376	1.501	
8.250		0.891	1.016	1.141	1.266	
8.375		0.656	0.781	0.906	1.031	
8.500		0.421	0.546	0.671	0.796	
Portfolio Non-Agency Investment Property 5/1 ARM (NAINVL5)
	15	30	45	60	75	90	
5.500		4.029	4.154	4.279	4.404	
5.625		3.803	3.928	4.053	4.178	
5.750		3.576	3.701	3.826	3.951	
5.875		3.349	3.474	3.599	3.724	
6.000		3.121	3.246	3.371	3.496	
6.125		2.893	3.018	3.143	3.268	
6.250		2.663	2.788	2.913	3.038	
6.375		2.431	2.556	2.681	2.806	
6.500		2.199	2.324	2.449	2.574	
6.625		1.966	2.091	2.216	2.341	
6.750		1.733	1.858	1.983	2.108	
6.875		1.501	1.626	1.751	1.876	
7.000		1.269	1.394	1.519	1.644	
7.125		1.036	1.161	1.286	1.411	
7.250		0.802	0.927	1.052	1.177	
7.375		0.567	0.692	0.817	0.942	
7.500		0.332	0.457	0.582	0.707	
Portfolio Non-Agency Investment Property 30 Year Fixed (NAINVF30)
	15	30	45	60	75	90	
5.875		4.098	4.223	4.348	4.473	
6.000		3.893	4.018	4.143	4.268	
6.125		3.684	3.809	3.934	4.059	
6.250		3.451	3.576	3.701	3.826	
6.375		3.216	3.341	3.466	3.591	
6.500		2.981	3.106	3.231	3.356	
6.625		2.746	2.871	2.996	3.121	
6.750		2.511	2.636	2.761	2.886	
6.875		2.276	2.401	2.526	2.651	
7.000		2.041	2.166	2.291	2.416	
7.125		1.806	1.931	2.056	2.181	
7.250		1.571	1.696	1.821	1.946	
7.375		1.336	1.461	1.586	1.711	
7.500		1.101	1.226	1.351	1.476	
7.625		0.866	0.991	1.116	1.241	
7.750		0.631	0.756	0.881	1.006	
7.875		0.396	0.521	0.646	0.771	

