CF15
	  Sep 22	Sep 7	Aug 23	Aug 8	
		   60	   45	   30	   15	
2.875	0.219	0.148	0.073	0.003	
2.990	0.253	0.323	0.398	0.469	
3.000	0.357	0.424	0.486	0.536	
3.125	0.848	0.915	0.977	1.027	
3.250	1.425	1.491	1.554	1.614	
3.375	1.903	1.970	2.033	2.083	
3.500	2.356	2.423	2.486	2.536	
3.625	2.823	2.890	2.952	3.002	
3.750	3.357	3.424	3.487	3.537	
3.875	3.772	3.838	3.901	3.951	
3.990	4.099	4.165	4.228	4.278	
4.000	3.974	4.041	4.103	4.153	
4.125	4.041	4.149	4.250	4.332	
4.250	4.521	4.629	4.730	4.812	

CF20
	  Sep 22	Sep 7	Aug 23	Aug 8	
		   60	   45	   30	   15	
3.250	0.706	0.628	0.544	0.466	
3.375	0.014	0.092	0.175	0.254	
3.500	0.781	0.860	0.943	1.021	
3.625	1.443	1.514	1.589	1.659	
3.750	2.082	2.153	2.228	2.298	
3.875	2.649	2.720	2.795	2.865	
3.990	3.061	3.132	3.207	3.277	
4.000	3.102	3.172	3.247	3.317	
4.125	3.216	3.302	3.394	3.480	
4.250	3.809	3.895	3.987	4.073	
4.375	4.367	4.453	4.545	4.631	

CHBF30
	  Sep 22	Sep 7	Aug 23	Aug 8	
		   60	   45	   30	   15	
3.750	0.652	0.582	0.507	0.437	
3.800	0.381	0.311	0.236	0.165	
3.875	0.027	0.043	0.118	0.189	
3.950	0.347	0.417	0.492	0.562	
3.990	0.513	0.583	0.658	0.728	
4.000	0.466	0.537	0.612	0.682	
4.050	0.610	0.689	0.772	0.850	
4.700	2.983	3.069	3.161	3.246	
4.800	3.323	3.409	3.501	3.587	
4.125	1.004	1.082	1.173	1.259	
4.200	1.429	1.515	1.606	1.692	
4.250	1.644	1.730	1.821	1.907	
4.300	1.864	1.950	2.041	2.127	
4.875	3.542	3.628	3.719	3.805	
4.375	2.142	2.228	2.320	2.406	
4.625	2.626	2.697	2.779	2.865	
4.450	2.437	2.523	2.614	2.700	
4.500	2.539	2.625	2.717	2.803	
4.750	3.151	3.237	3.329	3.414	
4.550	2.273	2.344	2.419	2.489	

CRPF30
	  Sep 22	Sep 7	Aug 23	Aug 8	
		   60	   45	   30	   15	
3.750	0.058	0.128	0.203	0.273	
3.800	0.329	0.400	0.475	0.545	
3.875	0.696	0.766	0.841	0.911	
3.950	1.074	1.144	1.219	1.289	
3.990	1.240	1.310	1.385	1.456	
4.000	1.235	1.321	1.412	1.498	
4.050	1.485	1.571	1.662	1.748	
4.125	1.877	1.963	2.055	2.141	
4.200	2.228	2.314	2.406	2.492	
4.250	2.453	2.539	2.631	2.717	
4.300	2.680	2.766	2.858	2.944	
4.375	3.020	3.106	3.198	3.284	
4.450	3.342	3.427	3.519	3.605	

CRPHBF30
	  Sep 22	Sep 7	Aug 23	Aug 8	
		   60	   45	   30	   15	
3.500	2.848	2.770	2.687	2.609	
3.250	4.682	4.604	4.521	4.442	
3.375	3.759	3.681	3.597	3.519	
3.450	3.263	3.185	3.101	3.023	
3.550	2.540	2.462	2.378	2.300	
3.625	2.030	1.959	1.884	1.809	
3.700	1.519	1.449	1.374	1.303	
3.750	1.252	1.182	1.107	1.037	
3.800	0.981	0.911	0.836	0.765	
3.875	0.627	0.557	0.482	0.411	
3.950	0.253	0.183	0.108	0.038	
3.990	0.087	0.017	0.058	0.128	
4.000	0.134	0.063	0.012	0.082	
4.050	0.010	0.089	0.172	0.250	
4.125	0.404	0.482	0.573	0.659	

CRPHBF15
	  Sep 22	Sep 7	Aug 23	Aug 8	
		   60	   45	   30	   15	
2.750	2.345	2.275	2.200	2.130	
2.875	1.862	1.791	1.716	1.646	
3.000	1.380	1.310	1.235	1.164	
3.125	0.825	0.758	0.696	0.646	
3.250	0.039	0.031	0.106	0.176	
3.375	0.405	0.476	0.551	0.621	
3.500	0.860	0.926	0.989	1.040	
3.625	1.351	1.418	1.480	1.530	
3.750	1.772	1.839	1.902	1.952	

CRRF15
	  Sep 22	Sep 7	Aug 23	Aug 8	
		   60	   45	   30	   15	
2.750	1.379	1.308	1.233	1.163	
2.875	0.829	0.758	0.683	0.613	
3.000	0.253	0.186	0.124	0.074	
3.125	0.238	0.305	0.367	0.417	
3.250	0.815	0.881	0.944	1.004	
3.375	1.293	1.360	1.423	1.473	
3.500	1.746	1.813	1.876	1.926	
3.625	2.213	2.280	2.342	2.392	
3.750	2.747	2.814	2.877	2.927	
3.875	3.162	3.228	3.291	3.341	
4.000	3.364	3.431	3.493	3.543	
4.125	3.431	3.539	3.640	3.722	

CRRF30
	  Sep 22	Sep 7	Aug 23	Aug 8	
		   60	   45	   30	   15	
3.750	0.058	0.128	0.203	0.273	
3.800	0.329	0.400	0.475	0.545	
3.875	0.696	0.766	0.841	0.911	
3.950	1.074	1.144	1.219	1.289	
3.990	1.240	1.310	1.385	1.456	
4.000	1.235	1.321	1.412	1.498	
4.050	1.485	1.571	1.662	1.748	
4.125	1.877	1.963	2.055	2.141	
4.200	2.228	2.314	2.406	2.492	
4.250	2.453	2.539	2.631	2.717	
4.300	2.680	2.766	2.858	2.944	
4.375	3.020	3.106	3.198	3.284	

CRRSCF30
	  Sep 22	Sep 7	Aug 23	Aug 8	
		   60	   45	   30	   15	
3.250	4.712	4.634	4.551	4.472	
3.375	3.789	3.711	3.627	3.549	
3.450	3.293	3.215	3.131	3.053	
3.500	2.878	2.800	2.717	2.639	
3.550	2.570	2.492	2.408	2.330	
3.625	2.060	1.989	1.914	1.839	
3.700	1.549	1.479	1.404	1.333	
3.750	1.282	1.212	1.137	1.067	
3.800	1.011	0.941	0.866	0.795	
3.990	0.117	0.047	0.028	0.098	
3.875	0.657	0.587	0.512	0.441	
3.950	0.283	0.213	0.138	0.068	
4.000	0.164	0.093	0.018	0.052	
4.050	0.020	0.059	0.142	0.220	
4.125	0.374	0.452	0.543	0.629	

CRRSCF15
	  Sep 22	Sep 7	Aug 23	Aug 8	
		   60	   45	   30	   15	
2.750	2.255	2.185	2.110	2.040	
2.875	1.772	1.701	1.626	1.556	
3.000	1.290	1.220	1.145	1.074	
3.125	0.735	0.668	0.606	0.556	
3.250	0.051	0.121	0.196	0.266	
3.375	0.495	0.566	0.641	0.711	
3.500	0.950	1.016	1.079	1.130	
3.625	1.441	1.508	1.570	1.620	
3.750	1.862	1.929	1.992	2.042	
3.875	2.229	2.296	2.358	2.408	
4.000	2.552	2.618	2.681	2.731	
4.125	2.594	2.702	2.804	2.885	

